b[1]=45.000000
b[2]=7.333333
b[3]=-26.000000
b[4]=26.333334
b[5]=233.000000
b[6]=-226.000000
b[7]=212.333328
b[8]=-209.666672
b[9]=-39.666668
b[10]=0.000000
b[11]=0.000000
b[12]=0.000000
b[13]=0.000000
b[14]=0.000000
b[15]=0.000000
b[16]=0.000000
b[17]=0.000000
b[18]=0.000000
b[19]=0.000000
b[20]=0.000000
b[21]=0.000000
b[22]=0.000000
b[23]=0.000000
